-12.730  47.556
-65.968 -24.806
-48.676   8.661
-38.277  -5.602
 -4.338  26.650
 20.907   3.277
 12.519 -19.656
-22.143 -35.033
 20.597  14.886
 38.216 -27.661
-15.243 -16.711
 -6.433  12.854
 44.561 -10.193
-46.925  44.733
 45.502  13.071
-55.887  25.213
-71.223  13.579
 30.166   1.437
-62.261  33.099
 37.026 -18.019
-31.492   0.569
-30.579 -28.345
 22.880 -39.295
  6.996  23.534
-37.478 -46.667
 -2.816 -31.290
 14.724  -8.805
-19.673  15.016
-51.256 -16.995
-64.011  -2.973
-81.304 -36.440
-58.586   7.601
-41.277 -23.337
-37.226 -14.158
-33.991  17.394
-18.655  29.028
-19.596   5.765
-25.942 -11.703
-43.560  30.843
-51.638  -3.698
-43.250  19.234
  5.787 -14.338
 19.576 -27.155
 28.604  -9.488
-49.332 -38.356
-58.360 -56.022
-72.148 -43.206
-63.212 -37.673
-80.752 -60.157
-48.710 -50.694
-39.720 -56.529
-65.416 -48.523
-25.080 -47.012
 -1.425 -60.481
 -8.247 -41.908
-15.820 -48.852
 -1.503 -51.230
-13.321 -65.677
 10.323 -48.625
 13.833 -39.596
  3.299  52.392
 28.996  44.387
 17.712  41.932
 13.660  32.753
 -9.074  53.118
  3.682  39.096
 23.445  56.660
 34.125  19.025
 16.660  50.489
 27.020  25.060
 43.863  26.682
 34.033  33.380
 43.229   1.707
 28.381 -47.893
 45.088 -50.064
 13.045 -59.527
 30.586 -37.043
 22.263 -55.051
 35.438 -55.392
 44.465 -37.726
  8.250 -30.175
 27.829 -24.175
-28.996  36.703
-32.397  49.075
-11.387  38.998
-20.182  59.354